Camera Matrix:
M[0.0]=         531.9938354M[0.1]=           0.0000000M[0.2]=         313.2632751
M[1.0]=           0.0000000M[1.1]=         529.6201782M[1.2]=         213.9450836
M[2.0]=           0.0000000M[2.1]=           0.0000000M[2.2]=           1.0000000


Distortion:
D[0]=-0.414955
D[1]=0.175803
D[2]=-0.001156
D[3]=0.000591
