Camera Matrix:
M[0.0]=         867.7602539M[0.1]=           0.0000000M[0.2]=         328.3737183
M[1.0]=           0.0000000M[1.1]=         863.6909790M[1.2]=         227.6408386
M[2.0]=           0.0000000M[2.1]=           0.0000000M[2.2]=           1.0000000


Distortion:
D[0]=-0.014432
D[1]=-0.180640
D[2]=-0.002930
D[3]=0.001041
